33 114
34 139
35 112
36 116
37 111
38 118
39 131
40 126
41 124
42 137
43 107
44 136
45 77
46 19
47 109
48 90
49 113
50 100
51 115
52 121
53 128
54 107
55 98
56 119
57 121
58 107
59 123
60 104
61 90
62 86
63 105
64 105
65 123
66 113
67 101
68 116
69 97
70 119
71 108
72 124
73 106
74 116
75 114
76 89
77 107
78 81
79 93
80 117
81 109
82 104
83 106
84 110
85 97
86 96
87 108
88 101
89 125
90 104
91 125
92 117
93 116
94 139
95 16
96 119
97 72
98 93
99 63
100 111
101 71
102 109
103 71
104 105
105 102
106 86
107 104
108 102
109 60
110 68
111 72
112 68
113 73
114 68
115 81
116 79
117 65
118 62
119 71
120 73
121 61
122 71
123 122
124 110
125 120
126 80
